------------------------------------------------------------------------
#		y	x

vertex	0	0 60
vertex	20	0 20 40 60
vertex	40	0 20 40 60
vertex	60	0 60

------------------------------------------------------------------------
#		floor	ceil	vertexes		neighbors			txtf	txtc

sector	0		80		0 1 5 4 3 2		-1 -1 -1 2 -1 1		0		1
sector	20		80		2 3 7 6			-1 0 -1 3			0		1
sector	0		80		4 5 9 8			-1 0 -1 3			0		1
sector	0		80		6 7 8 9 11 10	-1 1 -1 2 -1 -1		0		1

-------------------------------------------------------------------------
#		y x		anim 	cnt_frms	rotate	pov		txt_ind		sector

obj		5 10	1		13			0		0		1			0
obj		5 15	0		1			0		0		1			0
obj		5 25	1		6			0		0		1			0
obj		5 5	    0		1		   	0		0		1			0

-------------------------------------------------------------------------
#		y x		z		wall		anim	cnt_frms	txt_ind	sector									

pic		5 5		5		1			0		1			0		0


-------------------------------------------------------------------------
#		sector	wall	txt_ind

txt		0		2		1

-------------------------------------------------------------------------
#		y x		angle	sector

player	15 10	90		0

32 32 0 0
32 32 0 0
32 32 0 0
32 32 0 1
32 32 0 1
32 32 0 1
